scenario;inferred_tree_size;real_tree_size;inferred_snvs;real_snvs;cn_node_recall;cn_node_precision;cn_edge_recall;cn_edge_precision;snv_recall;snv_precision;cell_snv_recall;cell_snv_precision;cn_prob;non_trivial_cns
not_clustered_1000_1.0;8;20;581;689;0.4;1.0;0.21052631578947367;0.5714285714285714;0.8432510885341074;1.0;0.9142528382939552;0.7907300761657069;0.900535;0.81275
not_clustered_10000_1.0;8;20;611;755;0.35;0.875;0.10526315789473684;0.2857142857142857;0.8092715231788079;1.0;0.8834265734265734;0.758226423587666;0.934685;0.8598
not_clustered_10000_0.1;21;20;654;717;0.85;0.8095238095238095;0.7368421052631579;0.7;0.9121338912133892;1.0;0.9575572217837411;0.858661995505777;0.95941;0.7977
not_clustered_1000_0.1;19;20;637;720;0.9;0.9473684210526315;0.8947368421052632;0.9444444444444444;0.8847222222222222;1.0;0.9661449173408372;0.8888727084445739;0.9815825;0.85755
not_clustered_1000_0.01;52;20;552;701;1.0;0.38461538461538464;1.0;0.37254901960784315;0.7874465049928673;1.0;0.7003604531410916;0.8405017921146953;0.92728;0.7881
not_clustered_10000_0.01;48;20;596;699;0.95;0.3958333333333333;0.6842105263157895;0.2765957446808511;0.8526466380543634;1.0;0.8823839826167934;0.9150490906164493;0.9851425;0.865125
clustered_1000_1.0;8;20;579;689;0.4;1.0;0.21052631578947367;0.5714285714285714;0.8403483309143687;1.0;0.913792574409328;0.804823998378488;0.900535;0.81275
clustered_10000_1.0;2;20;498;755;0.05;0.5;0.0;0.0;0.6596026490066225;1.0;0.7347377622377622;0.6115330888772481;0.8598;0.8598
clustered_10000_0.1;22;20;655;717;0.85;0.7727272727272727;0.7894736842105263;0.7142857142857143;0.9135285913528591;1.0;0.9574191002367798;0.8941016049678454;0.95942;0.7977
clustered_1000_0.1;19;20;633;720;0.9;0.9473684210526315;0.8947368421052632;0.9444444444444444;0.8791666666666667;1.0;0.9655293703833978;0.9098140598588048;0.9815825;0.85755
clustered_1000_0.01;53;20;552;701;1.0;0.37735849056603776;1.0;0.36538461538461536;0.7874465049928673;1.0;0.6999485066941298;0.8787441279144939;0.9303575;0.7881
clustered_10000_0.01;32;20;593;699;0.8;0.5;0.47368421052631576;0.2903225806451613;0.8483547925608012;1.0;0.87971441874903;0.9367046769129069;0.9837475;0.865125
not_clustered_1000_1.0;8;20;560;747;0.4;1.0;0.15789473684210525;0.42857142857142855;0.749665327978581;1.0;0.805050505050505;0.7374968788096882;0.9165525;0.8166
not_clustered_10000_1.0;2;20;370;647;0.05;0.5;0.0;0.0;0.5718701700154559;1.0;0.38082890975908534;0.622389055722389;0.847625;0.847625
not_clustered_10000_0.1;21;20;628;725;1.0;0.9523809523809523;0.8947368421052632;0.85;0.8662068965517241;1.0;0.9114074681986049;0.8257184281943567;0.98046;0.8998
not_clustered_1000_0.1;25;20;629;722;0.95;0.76;0.9473684210526315;0.75;0.871191135734072;1.0;0.9093830334190232;0.9299116091085335;0.97912;0.8615
clustered_1000_1.0;7;20;505;747;0.35;1.0;0.15789473684210525;0.5;0.6760374832663989;1.0;0.7970017636684303;0.7620923850552686;0.916295;0.8166
clustered_10000_1.0;2;20;298;647;0.05;0.5;0.0;0.0;0.4605873261205564;1.0;0.36878317680685996;0.7483221476510067;0.847625;0.847625
not_clustered_1000_0.01;49;20;699;757;1.0;0.40816326530612246;1.0;0.3958333333333333;0.9233817701453104;1.0;0.9257636122177955;0.8990198607170493;0.9772875;0.853525
not_clustered_10000_0.01;43;20;667;754;0.95;0.4418604651162791;0.8947368421052632;0.40476190476190477;0.883289124668435;0.9985007496251874;0.9082956015523933;0.9285053063113697;0.948155;0.843925
clustered_10000_0.1;21;20;628;725;1.0;0.9523809523809523;0.8947368421052632;0.85;0.8662068965517241;1.0;0.9101969634796881;0.8870825834833034;0.98046;0.8998
clustered_1000_0.1;25;20;627;722;0.95;0.76;0.9473684210526315;0.75;0.868421052631579;1.0;0.9065713367609255;0.9222031543679007;0.97912;0.8615
not_clustered_1000_1.0;8;20;528;723;0.4;1.0;0.2631578947368421;0.7142857142857143;0.7302904564315352;1.0;0.8540233779434186;0.7839670321125884;0.9024125;0.8394
not_clustered_10000_1.0;8;20;537;689;0.4;1.0;0.3157894736842105;0.8571428571428571;0.7793904208998549;1.0;0.9345005875440658;0.7164762694151141;0.95765;0.87435
clustered_10000_0.01;43;20;667;754;0.95;0.4418604651162791;0.8947368421052632;0.40476190476190477;0.883289124668435;0.9985007496251874;0.9091688227684347;0.9452738827801876;0.94789;0.843925
clustered_1000_0.01;49;20;699;757;1.0;0.40816326530612246;1.0;0.3958333333333333;0.9233817701453104;1.0;0.9256806108897743;0.9007398074562254;0.97665;0.853525
not_clustered_10000_0.1;23;20;678;773;0.95;0.8260869565217391;0.7894736842105263;0.6818181818181818;0.8771021992238034;1.0;0.9121590446464921;0.8734585147163927;0.983485;0.807675
clustered_1000_1.0;8;20;526;723;0.4;1.0;0.2631578947368421;0.7142857142857143;0.7275242047026279;1.0;0.853040826698289;0.7902790420289401;0.9024125;0.8394
not_clustered_1000_0.1;24;20;562;675;0.85;0.7083333333333334;0.47368421052631576;0.391304347826087;0.8325925925925926;1.0;0.9244584055459272;0.8455792018388618;0.9158375;0.85545
clustered_10000_1.0;8;20;534;689;0.4;1.0;0.3157894736842105;0.8571428571428571;0.7750362844702468;1.0;0.9330669800235017;0.7393158414182232;0.95765;0.87435
not_clustered_10000_0.01;36;20;540;690;0.9;0.5;0.7368421052631579;0.4;0.782608695652174;1.0;0.6847512038523275;0.8258905524006195;0.93234;0.82715
not_clustered_1000_1.0;5;20;628;712;0.25;1.0;0.10526315789473684;0.5;0.8820224719101124;1.0;0.9068714967822296;0.7607537180871443;0.9262;0.906925
not_clustered_1000_0.01;61;20;670;709;0.9;0.29508196721311475;0.7368421052631579;0.23333333333333334;0.9449929478138223;1.0;0.9680451127819549;0.7293068045032925;0.9704675;0.803925
not_clustered_10000_1.0;8;20;602;706;0.4;1.0;0.21052631578947367;0.5714285714285714;0.8526912181303116;1.0;0.9559974647440976;0.7186093046523262;0.92521;0.8783
clustered_10000_0.1;23;20;677;773;0.95;0.8260869565217391;0.7894736842105263;0.6818181818181818;0.8758085381630013;1.0;0.9110598452978694;0.8975761059935559;0.983485;0.807675
clustered_1000_0.1;24;20;562;675;0.85;0.7083333333333334;0.47368421052631576;0.391304347826087;0.8325925925925926;1.0;0.9241551126516464;0.841151533076999;0.9158375;0.85545
clustered_1000_1.0;5;20;628;712;0.25;1.0;0.10526315789473684;0.5;0.8820224719101124;1.0;0.9068507369732198;0.763288485060283;0.9262;0.906925
clustered_10000_0.01;36;20;540;690;0.9;0.5;0.7368421052631579;0.4;0.782608695652174;1.0;0.6841983235241662;0.8465663341866008;0.93234;0.82715
clustered_10000_1.0;8;20;583;706;0.4;1.0;0.21052631578947367;0.5714285714285714;0.8257790368271954;1.0;0.948597686578989;0.7493928848609268;0.92521;0.8783
clustered_1000_0.01;61;20;670;709;0.9;0.29508196721311475;0.7368421052631579;0.23333333333333334;0.9449929478138223;1.0;0.9671757518796993;0.7423846195465941;0.9704675;0.803925
not_clustered_10000_0.1;20;20;577;672;0.95;0.95;0.9473684210526315;0.9473684210526315;0.8586309523809523;1.0;0.8872243141473911;0.8627886903983469;0.97543;0.922375
not_clustered_1000_0.1;23;20;613;726;0.9;0.782608695652174;0.8421052631578947;0.7272727272727273;0.8443526170798898;1.0;0.8419790104947527;0.8790566628404466;0.9380375;0.78415
not_clustered_1000_1.0;4;20;472;719;0.2;1.0;0.0;0.0;0.6564673157162726;1.0;0.7540394346536381;0.6917117520888689;0.875745;0.8604
not_clustered_10000_1.0;8;20;573;694;0.4;1.0;0.21052631578947367;0.5714285714285714;0.8256484149855908;1.0;0.9566696669666966;0.778093383504883;0.94462;0.893375
not_clustered_10000_0.01;39;20;681;725;1.0;0.5128205128205128;0.8947368421052632;0.4473684210526316;0.9393103448275862;1.0;0.8898522342887663;0.854702462380301;0.9880725;0.815175
clustered_10000_0.1;20;20;576;672;0.95;0.95;0.9473684210526315;0.9473684210526315;0.8571428571428571;1.0;0.8868746637977407;0.8630129815745393;0.97543;0.922375
clustered_1000_0.1;23;20;608;726;0.9;0.782608695652174;0.8421052631578947;0.7272727272727273;0.837465564738292;1.0;0.840679660169915;0.9163973125113491;0.9380375;0.78415
clustered_1000_1.0;4;20;470;719;0.2;1.0;0.0;0.0;0.6536856745479833;1.0;0.7481416855697086;0.6900569736376219;0.875745;0.8604
not_clustered_1000_0.01;56;20;690;740;0.95;0.3392857142857143;0.8947368421052632;0.3090909090909091;0.9324324324324325;1.0;0.9077641457608496;0.8537354045396618;0.97719;0.81275
clustered_10000_1.0;8;20;571;694;0.4;1.0;0.21052631578947367;0.5714285714285714;0.8227665706051873;1.0;0.9553375337533754;0.8007876748502362;0.94462;0.893375
not_clustered_1000_1.0;2;20;458;729;0.05;0.5;0.0;0.0;0.6282578875171467;1.0;0.6497035881435257;0.5904553961322521;0.846675;0.846675
not_clustered_10000_0.1;19;20;653;776;0.95;1.0;0.7368421052631579;0.7777777777777778;0.8414948453608248;1.0;0.944836578581363;0.8815838564731455;0.9888775;0.86745
clustered_10000_0.01;39;20;681;725;1.0;0.5128205128205128;0.8947368421052632;0.4473684210526316;0.9393103448275862;1.0;0.8896920064091152;0.8623789884208528;0.9880725;0.815175
not_clustered_1000_0.1;22;20;530;705;0.75;0.6818181818181818;0.5263157894736842;0.47619047619047616;0.75177304964539;1.0;0.7921480878763222;0.8223245206520821;0.907;0.862975
clustered_1000_0.01;56;20;690;740;0.95;0.3392857142857143;0.8947368421052632;0.3090909090909091;0.9324324324324325;1.0;0.9074711591283647;0.8413466435774677;0.97719;0.81275
not_clustered_10000_1.0;11;20;622;738;0.55;1.0;0.42105263157894735;0.8;0.8428184281842819;1.0;0.8923076923076924;0.8062433529561557;0.9102925;0.83575
clustered_1000_1.0;2;20;458;729;0.05;0.5;0.0;0.0;0.6282578875171467;1.0;0.6497035881435257;0.5904553961322521;0.846675;0.846675
clustered_10000_0.1;19;20;647;776;0.95;1.0;0.7368421052631579;0.7777777777777778;0.8337628865979382;1.0;0.9430806675938804;0.9060631367963922;0.9888775;0.86745
clustered_1000_0.1;22;20;530;705;0.75;0.6818181818181818;0.5263157894736842;0.47619047619047616;0.75177304964539;1.0;0.79206672091131;0.8227265043948614;0.907;0.862975
not_clustered_10000_0.01;28;20;625;742;0.95;0.6785714285714286;0.8947368421052632;0.6296296296296297;0.8423180592991913;1.0;0.8190180236171535;0.8860202040576203;0.962575;0.771425
not_clustered_1000_1.0;4;20;416;712;0.2;1.0;0.05263157894736842;0.3333333333333333;0.5842696629213483;1.0;0.8116056013811624;0.7239733059548255;0.89142;0.865775
clustered_10000_1.0;11;20;622;738;0.55;1.0;0.42105263157894735;0.8;0.8428184281842819;1.0;0.8922911140583555;0.8105629348513599;0.9102925;0.83575
not_clustered_1000_0.01;66;20;603;647;0.95;0.2878787878787879;0.8947368421052632;0.26153846153846155;0.9319938176197836;1.0;0.9057635175282234;0.8310753714052065;0.9886625;0.90715
not_clustered_10000_0.1;25;20;682;714;0.9;0.72;0.7368421052631579;0.5833333333333334;0.9551820728291317;1.0;0.9201075054748159;0.9241551689662068;0.978305;0.89555
not_clustered_1000_0.1;23;20;524;625;1.0;0.8695652173913043;0.8947368421052632;0.7727272727272727;0.8384;1.0;0.7644905273937532;0.86946773817843;0.979285;0.888
clustered_1000_1.0;4;20;414;712;0.2;1.0;0.05263157894736842;0.3333333333333333;0.5814606741573034;1.0;0.8109342029541531;0.7298687845303867;0.89142;0.865775
clustered_10000_0.01;28;20;625;742;0.95;0.6785714285714286;0.8947368421052632;0.6296296296296297;0.8423180592991913;1.0;0.8168116842759477;0.9183334789064547;0.962575;0.771425
not_clustered_10000_1.0;2;20;606;718;0.05;0.5;0.0;0.0;0.8440111420612814;1.0;0.7471900089206066;0.6143014301430143;0.838525;0.838525
clustered_1000_0.01;66;20;603;647;0.95;0.2878787878787879;0.8947368421052632;0.26153846153846155;0.9319938176197836;1.0;0.9054664289958407;0.8314827445096167;0.9886625;0.90715
clustered_10000_0.1;25;20;682;714;0.9;0.72;0.7368421052631579;0.5833333333333334;0.9551820728291317;1.0;0.9200875970535537;0.9332417915269982;0.978305;0.89555
clustered_1000_0.1;22;20;524;625;0.95;0.8636363636363636;0.8421052631578947;0.7619047619047619;0.8384;1.0;0.7624423963133641;0.8574019692520297;0.978355;0.888
not_clustered_1000_1.0;3;20;473;720;0.15;1.0;0.05263157894736842;0.5;0.6569444444444444;1.0;0.822788302372632;0.6170429936964648;0.82926;0.824675
clustered_10000_1.0;2;20;562;718;0.05;0.5;0.0;0.0;0.7827298050139275;1.0;0.7403657448706512;0.6563463819691577;0.838525;0.838525
not_clustered_10000_0.01;48;20;645;711;0.95;0.3958333333333333;0.7894736842105263;0.3191489361702128;0.9071729957805907;1.0;0.9002028911995942;0.851096990768493;0.96683;0.9249
clustered_1000_1.0;3;20;473;720;0.15;1.0;0.05263157894736842;0.5;0.6569444444444444;1.0;0.822788302372632;0.6170429936964648;0.82926;0.824675
not_clustered_1000_0.01;51;20;686;768;0.95;0.37254901960784315;0.6842105263157895;0.26;0.8932291666666666;1.0;0.8787541528239202;0.8870053655264923;0.9762975;0.799825
not_clustered_10000_1.0;6;20;467;676;0.3;1.0;0.21052631578947367;0.8;0.6908284023668639;1.0;0.7326691137912952;0.5349874600348439;0.909755;0.8882
not_clustered_1000_0.1;23;20;564;690;0.85;0.7391304347826086;0.7368421052631579;0.6363636363636364;0.8173913043478261;1.0;0.9029394922695171;0.9247927744760713;0.97109;0.845
not_clustered_10000_0.1;20;20;484;657;0.8;0.8;0.5263157894736842;0.5263157894736842;0.7366818873668188;1.0;0.7509451275463388;0.8080690390615743;0.955945;0.83515
clustered_10000_0.01;50;20;645;711;0.9;0.36;0.7368421052631579;0.2857142857142857;0.9071729957805907;1.0;0.8992391580015217;0.8467343283582089;0.9681125;0.9249
not_clustered_1000_1.0;3;20;422;730;0.15;1.0;0.05263157894736842;0.5;0.5780821917808219;1.0;0.8272596585804133;0.5969295800215241;0.89112;0.85365
clustered_10000_1.0;6;20;458;676;0.3;1.0;0.21052631578947367;0.8;0.6775147928994083;1.0;0.7319611955951757;0.5382939339015078;0.909755;0.8882
clustered_1000_0.01;51;20;686;768;0.95;0.37254901960784315;0.6842105263157895;0.26;0.8932291666666666;1.0;0.8779568106312292;0.8403103486652782;0.9762975;0.799825
clustered_1000_0.1;23;20;564;690;0.9;0.782608695652174;0.8421052631578947;0.7272727272727273;0.8173913043478261;1.0;0.9027486161481199;0.9253389681281916;0.97109;0.845
clustered_10000_0.1;20;20;483;657;0.8;0.8;0.5263157894736842;0.5263157894736842;0.7351598173515982;1.0;0.7495687282070105;0.9116557296549261;0.955945;0.83515
clustered_1000_1.0;3;20;422;730;0.15;1.0;0.05263157894736842;0.5;0.5780821917808219;1.0;0.8272057502246182;0.5971307009806465;0.89112;0.85365
not_clustered_10000_0.01;35;20;694;748;1.0;0.5714285714285714;1.0;0.5588235294117647;0.9278074866310161;1.0;0.9415243381725021;0.9154143141813351;0.992185;0.888775
not_clustered_10000_1.0;6;20;485;709;0.3;1.0;0.15789473684210525;0.6;0.6840620592383639;1.0;0.9147735708982925;0.6373997758427451;0.9286275;0.873025
not_clustered_1000_0.1;20;20;585;729;0.85;0.85;0.7894736842105263;0.7894736842105263;0.8024691358024691;1.0;0.8758180484225973;0.9212378453465041;0.932675;0.821375
not_clustered_1000_1.0;5;20;419;710;0.25;1.0;0.15789473684210525;0.75;0.5901408450704225;1.0;0.7956821406851814;0.653518922428864;0.8864075;0.86385
not_clustered_10000_0.1;27;20;577;708;0.95;0.7037037037037037;0.7894736842105263;0.5769230769230769;0.8149717514124294;1.0;0.7492846270928463;0.938820657563506;0.92503;0.80005
not_clustered_1000_0.01;60;20;634;667;0.95;0.31666666666666665;0.6842105263157895;0.22033898305084745;0.9505247376311844;1.0;0.9717788341255942;0.8775671584464879;0.98785;0.871525
clustered_10000_1.0;6;20;485;709;0.3;1.0;0.15789473684210525;0.6;0.6840620592383639;1.0;0.9147488245483791;0.6394775538448231;0.9286275;0.873025
clustered_10000_0.01;35;20;694;748;1.0;0.5714285714285714;1.0;0.5588235294117647;0.9278074866310161;1.0;0.9414816396242528;0.9168381879041144;0.992185;0.888775
clustered_1000_1.0;5;20;416;710;0.25;1.0;0.15789473684210525;0.75;0.5859154929577465;1.0;0.7950942631258869;0.6634527555059373;0.8864075;0.86385
clustered_1000_0.1;20;20;584;729;0.85;0.85;0.7894736842105263;0.7894736842105263;0.8010973936899863;1.0;0.8750696991929567;0.9438764204995094;0.932675;0.821375
clustered_10000_0.1;27;20;577;708;0.95;0.7037037037037037;0.7894736842105263;0.5769230769230769;0.8149717514124294;1.0;0.7480060882800609;0.9508919933439108;0.92503;0.80005
clustered_1000_0.01;60;20;634;667;0.9;0.3;0.7894736842105263;0.2542372881355932;0.9505247376311844;1.0;0.9732299224418314;0.869293168562426;0.98718;0.871525
not_clustered_10000_1.0;7;20;471;714;0.35;1.0;0.15789473684210525;0.5;0.6596638655462185;1.0;0.8530663329161452;0.7840662591204891;0.912175;0.83855
not_clustered_10000_0.01;43;20;650;705;1.0;0.46511627906976744;0.8947368421052632;0.40476190476190477;0.9219858156028369;1.0;0.8844387317909169;0.9023622597961217;0.98852;0.839025
not_clustered_1000_1.0;5;20;557;696;0.25;1.0;0.10526315789473684;0.5;0.8002873563218391;1.0;0.9061587301587302;0.7549991183212837;0.9129375;0.874275
not_clustered_1000_0.1;23;20;573;687;0.9;0.782608695652174;0.7368421052631579;0.6363636363636364;0.834061135371179;1.0;0.8848237216904039;0.832956019078181;0.9785025;0.877675
not_clustered_10000_0.1;23;20;627;721;0.8;0.6956521739130435;0.631578947368421;0.5454545454545454;0.869625520110957;1.0;0.8417196187450358;0.8791662345743027;0.9756675;0.902325
clustered_10000_1.0;7;20;468;714;0.35;1.0;0.15789473684210525;0.5;0.6554621848739496;1.0;0.8523690327194707;0.8044446694340387;0.912175;0.83855
not_clustered_1000_0.01;56;20;565;695;1.0;0.35714285714285715;0.9473684210526315;0.32727272727272727;0.8115107913669065;0.9982300884955753;0.7377239199157007;0.9138493669233781;0.92947;0.825675
clustered_1000_1.0;5;20;556;696;0.25;1.0;0.10526315789473684;0.5;0.7988505747126436;1.0;0.90594708994709;0.7585546951143874;0.9129375;0.874275
clustered_10000_0.01;43;20;650;705;1.0;0.46511627906976744;0.8947368421052632;0.40476190476190477;0.9219858156028369;1.0;0.8841131105398458;0.9179522767309027;0.98852;0.839025
clustered_1000_0.1;23;20;573;687;0.9;0.782608695652174;0.7368421052631579;0.6363636363636364;0.834061135371179;1.0;0.8826056502451552;0.8825026263569511;0.9785025;0.877675
not_clustered_10000_1.0;8;20;573;738;0.4;1.0;0.21052631578947367;0.5714285714285714;0.7764227642276422;1.0;0.8450125583064226;0.7997317305080142;0.90157;0.856
clustered_10000_0.1;23;20;626;721;0.8;0.6956521739130435;0.631578947368421;0.5454545454545454;0.8682385575589459;1.0;0.8409650516282764;0.9117349465027663;0.9756675;0.902325
not_clustered_1000_1.0;2;20;538;746;0.05;0.5;0.0;0.0;0.7211796246648794;1.0;0.7552407932011331;0.7298636926889716;0.820725;0.820725
clustered_1000_0.01;56;20;564;695;1.0;0.35714285714285715;0.9473684210526315;0.32727272727272727;0.8115107913669065;1.0;0.737811731647348;0.923887227304715;0.92947;0.825675
not_clustered_10000_0.01;33;20;577;701;0.95;0.5757575757575758;0.9473684210526315;0.5625;0.8231098430813124;1.0;0.7391319942611191;0.9026478897917168;0.9462825;0.814625
clustered_10000_1.0;8;20;571;738;0.4;1.0;0.21052631578947367;0.5714285714285714;0.7737127371273713;1.0;0.8444384642985289;0.8096917360489919;0.90157;0.856
clustered_1000_1.0;2;20;522;746;0.05;0.5;0.0;0.0;0.6997319034852547;1.0;0.7527061279260474;0.7497104161097746;0.820725;0.820725
not_clustered_1000_0.1;24;20;723;779;1.0;0.8333333333333334;0.8947368421052632;0.7391304347826086;0.9281129653401797;1.0;0.9406141983515023;0.9033604861980031;0.967635;0.823025
not_clustered_10000_0.1;22;20;694;741;0.8;0.7272727272727273;0.631578947368421;0.5714285714285714;0.9365721997300944;1.0;0.8942967698519515;0.8537905557340186;0.966575;0.843525
not_clustered_10000_1.0;2;20;513;724;0.05;0.5;0.0;0.0;0.7085635359116023;1.0;0.6314546599496221;0.6108369883040936;0.854775;0.854775
not_clustered_1000_0.01;55;20;583;709;1.0;0.36363636363636365;0.8421052631578947;0.2962962962962963;0.8208744710860366;0.9982847341337907;0.8126984126984127;0.8840147993548999;0.965455;0.844575
not_clustered_1000_1.0;6;20;470;667;0.3;1.0;0.2631578947368421;1.0;0.704647676161919;1.0;0.928215192796121;0.5666741845451214;0.95755;0.873375
clustered_10000_0.01;33;20;577;701;0.95;0.5757575757575758;0.9473684210526315;0.5625;0.8231098430813124;1.0;0.7390781922525108;0.900944427440864;0.9462825;0.814625
clustered_1000_0.1;22;20;717;779;0.95;0.8636363636363636;0.8947368421052632;0.8095238095238095;0.920410783055199;1.0;0.9388726402552513;0.9246258788410427;0.9677575;0.823025
clustered_10000_0.1;22;20;694;741;0.8;0.7272727272727273;0.631578947368421;0.5714285714285714;0.9365721997300944;1.0;0.8938425302826379;0.8733459357277883;0.966575;0.843525
clustered_10000_1.0;2;20;443;724;0.05;0.5;0.0;0.0;0.611878453038674;1.0;0.6217254408060453;0.6964588036117382;0.854775;0.854775
clustered_1000_1.0;6;20;465;667;0.3;1.0;0.2631578947368421;1.0;0.697151424287856;1.0;0.9253982913876703;0.5976855510983193;0.95755;0.873375
clustered_1000_0.01;55;20;582;709;1.0;0.36363636363636365;1.0;0.35185185185185186;0.8208744710860366;1.0;0.8132740275597419;0.9014190704508546;0.9673375;0.844575
not_clustered_10000_0.01;42;20;712;750;1.0;0.47619047619047616;0.9473684210526315;0.43902439024390244;0.9493333333333334;1.0;0.986684599865501;0.9390380492175749;0.98434;0.873075
not_clustered_1000_0.1;25;20;612;693;0.9;0.72;0.8947368421052632;0.7083333333333334;0.8831168831168831;1.0;0.9037219377707759;0.855249916135525;0.97145;0.7932
not_clustered_10000_0.1;20;20;619;732;0.75;0.75;0.5263157894736842;0.5263157894736842;0.8456284153005464;1.0;0.8450950441276307;0.8906079522080523;0.976785;0.86565
not_clustered_10000_1.0;8;20;465;710;0.4;1.0;0.2631578947368421;0.7142857142857143;0.6549295774647887;1.0;0.7950660645592909;0.809154198369334;0.93105;0.861375
not_clustered_1000_1.0;7;20;484;695;0.35;1.0;0.10526315789473684;0.3333333333333333;0.6964028776978417;1.0;0.8146327356853673;0.7748235078390024;0.91253;0.861
not_clustered_1000_0.01;47;20;666;733;0.95;0.40425531914893614;0.8421052631578947;0.34782608695652173;0.9085948158253752;1.0;0.8368445620040454;0.9041151156535772;0.975045;0.846875
clustered_10000_0.01;42;20;712;750;1.0;0.47619047619047616;0.9473684210526315;0.43902439024390244;0.9493333333333334;1.0;0.9868190988567586;0.9305157025317459;0.9842275;0.873075
clustered_1000_0.1;25;20;612;693;0.9;0.72;0.8947368421052632;0.7083333333333334;0.8831168831168831;1.0;0.9039976368649074;0.8351830288916382;0.97145;0.7932
clustered_10000_0.1;19;20;618;732;0.8;0.8421052631578947;0.5789473684210527;0.6111111111111112;0.8442622950819673;1.0;0.8418703326544467;0.9144590085356636;0.976325;0.86565
clustered_1000_1.0;7;20;484;695;0.35;1.0;0.10526315789473684;0.3333333333333333;0.6964028776978417;1.0;0.8143628301523038;0.779124243765678;0.91253;0.861
clustered_10000_1.0;8;20;465;710;0.4;1.0;0.2631578947368421;0.7142857142857143;0.6549295774647887;1.0;0.7950493393544071;0.8100195961489307;0.93105;0.861375
not_clustered_1000_0.1;19;20;606;718;0.85;0.8947368421052632;0.8421052631578947;0.8888888888888888;0.8440111420612814;1.0;0.8965372739303044;0.9116169544740973;0.9852625;0.857825
not_clustered_1000_1.0;6;20;471;691;0.25;0.8333333333333334;0.15789473684210525;0.6;0.6816208393632417;1.0;0.7841266277503368;0.5476369680434032;0.91261;0.870325
not_clustered_10000_1.0;8;20;621;721;0.3;0.75;0.15789473684210525;0.42857142857142855;0.8613037447988904;1.0;0.9610318513603185;0.8040611814345991;0.9253675;0.83855
not_clustered_10000_0.01;47;20;666;720;0.95;0.40425531914893614;0.8421052631578947;0.34782608695652173;0.925;1.0;0.7710801393728223;0.7774564911901416;0.9637525;0.86795
clustered_1000_0.01;47;20;666;733;0.95;0.40425531914893614;0.8421052631578947;0.34782608695652173;0.9085948158253752;1.0;0.836299984440641;0.9006501558363216;0.975045;0.846875
not_clustered_10000_0.1;19;20;587;721;0.75;0.7894736842105263;0.3684210526315789;0.3888888888888889;0.8141470180305131;1.0;0.9642935779816514;0.8230080180405913;0.977085;0.8453
clustered_1000_1.0;6;20;466;691;0.25;0.8333333333333334;0.15789473684210525;0.6;0.6743849493487699;1.0;0.7822631342613381;0.5565103501150013;0.91261;0.870325
clustered_1000_0.1;19;20;604;718;0.85;0.8947368421052632;0.8421052631578947;0.8888888888888888;0.841225626740947;1.0;0.8965372739303044;0.9060695896395694;0.9852625;0.857825
clustered_10000_1.0;8;20;617;721;0.3;0.75;0.15789473684210525;0.42857142857142855;0.855755894590846;1.0;0.9603185136031851;0.8160020298557956;0.9253675;0.83855
clustered_10000_0.01;47;20;666;720;0.95;0.40425531914893614;0.8421052631578947;0.34782608695652173;0.925;1.0;0.7702760653980166;0.8176335030868588;0.9637525;0.86795
clustered_10000_0.1;19;20;587;721;0.75;0.7894736842105263;0.3684210526315789;0.3888888888888889;0.8141470180305131;1.0;0.9642935779816514;0.8215156631026074;0.977085;0.8453
not_clustered_1000_0.01;61;20;711;746;1.0;0.32786885245901637;0.7368421052631579;0.23333333333333334;0.953083109919571;1.0;0.9748466257668712;0.8953535411910885;0.976095;0.81235
not_clustered_1000_1.0;7;20;546;679;0.35;1.0;0.21052631578947367;0.6666666666666666;0.8041237113402062;1.0;0.9340487601583664;0.7355112890522447;0.9116;0.867075
not_clustered_10000_1.0;2;20;518;722;0.05;0.5;0.0;0.0;0.7174515235457064;1.0;0.4931638418079096;0.5744778869778869;0.838075;0.838075
not_clustered_1000_0.1;25;20;698;731;0.95;0.76;0.8421052631578947;0.6666666666666666;0.9548563611491108;1.0;0.965660619682132;0.8637793127216853;0.9754525;0.836575
not_clustered_10000_0.1;19;20;688;740;0.85;0.8947368421052632;0.6842105263157895;0.7222222222222222;0.9297297297297298;1.0;0.9052457466918714;0.8780655512262205;0.96932;0.8248
not_clustered_10000_0.01;49;20;591;683;1.0;0.40816326530612246;0.8421052631578947;0.3333333333333333;0.8653001464128843;1.0;0.8976001381215469;0.8887008547008547;0.95654;0.782125
clustered_1000_1.0;7;20;546;679;0.35;1.0;0.21052631578947367;0.6666666666666666;0.8041237113402062;1.0;0.9336320066680558;0.7397714889541988;0.9116;0.867075
clustered_1000_0.01;59;20;711;746;1.0;0.3389830508474576;0.9473684210526315;0.3103448275862069;0.953083109919571;1.0;0.9741387446908919;0.9025797988631394;0.976315;0.81235
clustered_10000_1.0;2;20;406;722;0.05;0.5;0.0;0.0;0.5623268698060941;1.0;0.4783427495291902;0.7109270040304523;0.838075;0.838075
clustered_1000_0.1;25;20;696;731;0.95;0.76;0.8421052631578947;0.6666666666666666;0.9521203830369357;1.0;0.9648418686787607;0.8864829783468051;0.9754525;0.836575
not_clustered_1000_1.0;4;20;457;658;0.2;1.0;0.05263157894736842;0.3333333333333333;0.6945288753799392;1.0;0.880316742081448;0.6691315563198624;0.8774925;0.815025
clustered_10000_0.1;19;20;687;740;0.85;0.8947368421052632;0.6842105263157895;0.7222222222222222;0.9283783783783783;1.0;0.9034656584751103;0.902697768124154;0.96932;0.8248
not_clustered_10000_1.0;2;20;468;754;0.05;0.5;0.0;0.0;0.6206896551724138;1.0;0.7413200578127509;0.6575783475783475;0.868285;0.852925
clustered_10000_0.01;47;20;591;683;1.0;0.425531914893617;0.8421052631578947;0.34782608695652173;0.8653001464128843;1.0;0.897082182320442;0.8867631498105608;0.9559975;0.782125
not_clustered_1000_0.01;57;20;647;705;1.0;0.3508771929824561;0.7894736842105263;0.26785714285714285;0.9177304964539007;1.0;0.8645396334731729;0.8006993722009775;0.980075;0.85855
clustered_1000_1.0;4;20;445;658;0.2;1.0;0.05263157894736842;0.3333333333333333;0.6762917933130699;1.0;0.8788914027149322;0.6908344003414426;0.8774925;0.815025
not_clustered_1000_0.1;16;20;631;696;0.75;0.9375;0.6842105263157895;0.8666666666666667;0.9066091954022989;1.0;0.9164023668639053;0.7009812796465945;0.91743;0.8405
clustered_10000_1.0;2;20;453;754;0.05;0.5;0.0;0.0;0.6007957559681698;1.0;0.738895134093464;0.6771302428256071;0.868285;0.852925
not_clustered_10000_0.1;23;20;531;703;0.95;0.8260869565217391;0.8947368421052632;0.7727272727272727;0.7553342816500711;1.0;0.8581308777429467;0.9287122834545493;0.9525475;0.868475
not_clustered_10000_0.01;35;20;561;704;1.0;0.5714285714285714;1.0;0.5588235294117647;0.796875;1.0;0.8163794851003446;0.9373865276290676;0.951545;0.886825
not_clustered_1000_1.0;5;20;535;723;0.25;1.0;0.10526315789473684;0.5;0.739972337482711;1.0;0.8881877839475013;0.7773245368597768;0.94196;0.904925
clustered_1000_0.1;16;20;631;696;0.75;0.9375;0.6842105263157895;0.8666666666666667;0.9066091954022989;1.0;0.9083313609467456;0.7349944459340407;0.91743;0.8405
clustered_1000_0.01;57;20;647;705;1.0;0.3508771929824561;0.7894736842105263;0.26785714285714285;0.9177304964539007;1.0;0.8643850739677633;0.8124351471381729;0.980075;0.85855
not_clustered_10000_1.0;8;20;456;733;0.35;0.875;0.3157894736842105;0.8571428571428571;0.6221009549795361;1.0;0.7537417681101577;0.6823724955285361;0.9456475;0.88895
clustered_10000_0.1;23;20;530;703;0.95;0.8260869565217391;0.8947368421052632;0.7727272727272727;0.7539118065433855;1.0;0.8581308777429467;0.9303298710677796;0.9525475;0.868475
clustered_1000_1.0;5;20;534;723;0.25;1.0;0.10526315789473684;0.5;0.7385892116182573;1.0;0.8880195187615683;0.7783578897688893;0.94196;0.904925
clustered_10000_0.01;35;20;561;704;1.0;0.5714285714285714;1.0;0.5588235294117647;0.796875;1.0;0.8162781269004662;0.9379906357008083;0.951545;0.886825
not_clustered_1000_0.1;27;20;676;725;0.95;0.7037037037037037;0.631578947368421;0.46153846153846156;0.9324137931034483;1.0;0.9083300277667592;0.858508604206501;0.97533;0.88435
clustered_10000_1.0;8;20;456;733;0.35;0.875;0.3157894736842105;0.8571428571428571;0.6221009549795361;1.0;0.7531630413091199;0.6861750481800661;0.9456475;0.88895
not_clustered_1000_0.01;55;20;599;689;1.0;0.36363636363636365;0.9473684210526315;0.3333333333333333;0.8693759071117562;1.0;0.775235032162296;0.8634372158386376;0.9754525;0.917925
not_clustered_10000_0.1;20;20;707;730;0.9;0.9;0.5263157894736842;0.5263157894736842;0.9684931506849315;1.0;0.9857142857142858;0.8744200534452514;0.9787475;0.893225
not_clustered_1000_1.0;4;20;456;737;0.2;1.0;0.15789473684210525;1.0;0.6187245590230664;1.0;0.8927554980595084;0.682414308846615;0.8800425;0.822725
not_clustered_10000_0.01;38;20;591;736;1.0;0.5263157894736842;1.0;0.5135135135135135;0.8029891304347826;1.0;0.7477644492911668;0.9307091957923311;0.96338;0.884775
not_clustered_10000_1.0;6;20;569;752;0.3;1.0;0.05263157894736842;0.2;0.7566489361702128;1.0;0.8664310954063604;0.774606995110944;0.9138475;0.838775
clustered_1000_0.1;27;20;675;725;0.95;0.7037037037037037;0.631578947368421;0.46153846153846156;0.9310344827586207;1.0;0.9078540261800873;0.8713546029087033;0.97533;0.88435
clustered_1000_0.01;50;20;599;689;0.95;0.38;0.8947368421052632;0.3469387755102041;0.8693759071117562;1.0;0.7750865907966353;0.8676230302694619;0.974535;0.917925
clustered_1000_1.0;4;20;437;737;0.2;1.0;0.15789473684210525;1.0;0.592944369063772;1.0;0.8885510996119017;0.7099499980619404;0.8800425;0.822725
clustered_10000_0.1;20;20;707;730;0.9;0.9;0.5263157894736842;0.5263157894736842;0.9684931506849315;1.0;0.985640362225097;0.8751435791408224;0.9787475;0.893225
clustered_10000_1.0;6;20;565;752;0.3;1.0;0.05263157894736842;0.2;0.7513297872340425;1.0;0.8637220259128386;0.8148424478133185;0.9138475;0.838775
clustered_10000_0.01;38;20;591;736;1.0;0.5263157894736842;1.0;0.5135135135135135;0.8029891304347826;1.0;0.7475099963649582;0.9363872319111152;0.962945;0.884775
not_clustered_1000_0.1;23;20;589;666;0.75;0.6521739130434783;0.47368421052631576;0.4090909090909091;0.8843843843843844;1.0;0.9670614035087719;0.8374416043146341;0.9608175;0.855875
not_clustered_1000_1.0;6;20;500;690;0.3;1.0;0.15789473684210525;0.6;0.7246376811594203;1.0;0.9171745711402624;0.6256246472377858;0.8604675;0.825125
not_clustered_1000_0.01;53;20;569;640;1.0;0.37735849056603776;0.7368421052631579;0.2692307692307692;0.8890625;1.0;0.8019044437019712;0.7483008043898485;0.9708525;0.917975
not_clustered_10000_0.1;17;20;593;694;0.75;0.8823529411764706;0.3157894736842105;0.375;0.8544668587896254;1.0;0.7891000962463908;0.8186674654884046;0.974165;0.86965
not_clustered_10000_1.0;2;20;526;713;0.05;0.5;0.0;0.0;0.7377279102384292;1.0;0.724338875692795;0.6167516112504382;0.780625;0.780625
clustered_1000_1.0;6;20;500;690;0.3;1.0;0.15789473684210525;0.6;0.7246376811594203;1.0;0.9171342078708375;0.6281567489114659;0.8604675;0.825125
not_clustered_10000_0.01;40;20;703;756;1.0;0.5;1.0;0.48717948717948717;0.9298941798941799;1.0;0.8786308257590408;0.8187043877826832;0.981825;0.84105
clustered_1000_0.1;23;20;589;666;0.75;0.6521739130434783;0.47368421052631576;0.4090909090909091;0.8843843843843844;1.0;0.966798245614035;0.8365623636122127;0.9608175;0.855875
clustered_1000_0.01;50;20;569;640;1.0;0.4;0.8421052631578947;0.32653061224489793;0.8890625;1.0;0.799966588706983;0.7448436770881941;0.970555;0.917975
clustered_10000_0.1;17;20;591;694;0.75;0.8823529411764706;0.3157894736842105;0.375;0.8515850144092219;1.0;0.7844802694898941;0.8505648169888602;0.974165;0.86965
clustered_10000_1.0;2;20;447;713;0.05;0.5;0.0;0.0;0.6269284712482468;1.0;0.7096278701504355;0.7110127405715011;0.780625;0.780625
not_clustered_1000_1.0;6;20;609;753;0.3;1.0;0.10526315789473684;0.4;0.8087649402390438;1.0;0.8867427444350521;0.7930074335391206;0.8553675;0.805775
clustered_10000_0.01;40;20;703;756;1.0;0.5;1.0;0.48717948717948717;0.9298941798941799;1.0;0.8751885515374203;0.8742080049451398;0.981825;0.84105
not_clustered_1000_0.1;25;20;695;728;0.95;0.76;0.7894736842105263;0.625;0.9546703296703297;1.0;0.938354063724655;0.9364553044602016;0.9770425;0.8534
not_clustered_10000_1.0;2;20;558;724;0.05;0.5;0.0;0.0;0.7707182320441989;1.0;0.5202529539024796;0.6366487455197133;0.84375;0.84375
not_clustered_10000_0.1;22;20;658;709;0.8;0.7272727272727273;0.7368421052631579;0.6666666666666666;0.9280677009873061;1.0;0.9229355985776373;0.8790689797915177;0.97565;0.84265
not_clustered_1000_0.01;55;20;614;745;0.95;0.34545454545454546;0.631578947368421;0.2222222222222222;0.8241610738255034;1.0;0.7807981388690051;0.887422202334947;0.9734475;0.84415
clustered_1000_1.0;6;20;606;753;0.3;1.0;0.10526315789473684;0.4;0.8047808764940239;1.0;0.8860664976049591;0.8053396504257635;0.8553675;0.805775
clustered_1000_0.1;25;20;695;728;0.95;0.76;0.7894736842105263;0.625;0.9546703296703297;1.0;0.9382518316578633;0.939452358611277;0.9770425;0.8534
not_clustered_10000_0.01;51;20;707;755;1.0;0.39215686274509803;0.7894736842105263;0.3;0.9364238410596026;1.0;0.8950869814567004;0.7943471769815418;0.95013;0.820675
clustered_10000_1.0;2;20;448;724;0.05;0.5;0.0;0.0;0.6187845303867403;1.0;0.5054917623564653;0.7704697646103896;0.84375;0.84375
not_clustered_1000_1.0;4;20;414;718;0.2;1.0;0.15789473684210525;1.0;0.5766016713091922;1.0;0.784859392575928;0.5045411158996905;0.9437525;0.906725
clustered_10000_0.1;22;20;657;709;0.8;0.7272727272727273;0.7368421052631579;0.6666666666666666;0.926657263751763;1.0;0.9223824575266693;0.8972826504727497;0.97565;0.84265
clustered_1000_0.01;53;20;614;745;1.0;0.37735849056603776;0.9473684210526315;0.34615384615384615;0.8241610738255034;1.0;0.7811560486757337;0.871433990137949;0.9771925;0.84415
clustered_1000_1.0;4;20;413;718;0.2;1.0;0.15789473684210525;1.0;0.575208913649025;1.0;0.7845219347581552;0.5058825236098821;0.9437525;0.906725
not_clustered_10000_1.0;7;20;559;758;0.35;1.0;0.21052631578947367;0.6666666666666666;0.737467018469657;1.0;0.9308026440037771;0.7675870983818468;0.9057975;0.84285
not_clustered_1000_0.1;25;20;673;744;0.95;0.76;0.8947368421052632;0.7083333333333334;0.9045698924731183;1.0;0.8642597638510445;0.9069723109183625;0.9609025;0.819425
clustered_10000_0.01;51;20;707;755;1.0;0.39215686274509803;0.7894736842105263;0.3;0.9364238410596026;1.0;0.8962531064805964;0.813192721974572;0.95013;0.820675
not_clustered_10000_0.1;22;20;595;731;0.9;0.8181818181818182;0.7894736842105263;0.7142857142857143;0.813953488372093;1.0;0.8125912408759124;0.9251833537636867;0.95011;0.8248
not_clustered_1000_0.01;52;20;696;718;1.0;0.38461538461538464;0.9473684210526315;0.35294117647058826;0.9693593314763231;1.0;0.9900663323086879;0.9089504797552209;0.98321;0.85
not_clustered_1000_1.0;5;20;432;678;0.25;1.0;0.15789473684210525;0.75;0.6371681415929203;1.0;0.7683001845396761;0.6892809183054027;0.9079475;0.86565
clustered_10000_1.0;7;20;558;758;0.35;1.0;0.21052631578947367;0.6666666666666666;0.7361477572559367;1.0;0.9305571293673277;0.7748423519051438;0.9057975;0.84285
clustered_1000_0.1;25;20;673;744;0.95;0.76;0.8947368421052632;0.7083333333333334;0.9045698924731183;1.0;0.8636542537087496;0.939824729021843;0.9609025;0.819425
clustered_10000_0.1;22;20;595;731;0.9;0.8181818181818182;0.7894736842105263;0.7142857142857143;0.813953488372093;1.0;0.8125729927007299;0.9139590730896328;0.95011;0.8248
not_clustered_10000_0.01;48;20;708;757;0.95;0.3958333333333333;0.8947368421052632;0.3617021276595745;0.9352708058124174;1.0;0.9261188859636968;0.9149122566868344;0.9776725;0.771725
clustered_1000_1.0;5;20;431;678;0.25;1.0;0.15789473684210525;0.75;0.6356932153392331;1.0;0.7674595037933155;0.6977945151848468;0.9079475;0.86565
not_clustered_10000_1.0;10;20;541;701;0.5;1.0;0.3157894736842105;0.6666666666666666;0.7717546362339515;1.0;0.7956389452332657;0.8066976297794307;0.9151175;0.794475
clustered_1000_0.01;54;20;696;718;0.95;0.35185185185185186;0.8421052631578947;0.3018867924528302;0.9693593314763231;1.0;0.9895000808930594;0.9060888888888889;0.9835575;0.85
not_clustered_1000_0.1;23;20;594;704;0.9;0.782608695652174;0.7368421052631579;0.6363636363636364;0.84375;1.0;0.8911183673469387;0.8813195330286933;0.9575075;0.846675
not_clustered_10000_0.1;19;20;684;731;0.95;1.0;0.9473684210526315;1.0;0.9357045143638851;1.0;0.9084563758389261;0.9102017291066282;0.9640425;0.900925
not_clustered_1000_1.0;8;20;519;733;0.4;1.0;0.2631578947368421;0.7142857142857143;0.7080491132332879;1.0;0.8199868723334427;0.7717016972186617;0.945275;0.8743
clustered_10000_1.0;10;20;540;701;0.5;1.0;0.3157894736842105;0.6666666666666666;0.7703281027104137;1.0;0.7953515889114267;0.8194103408042074;0.9151175;0.794475
clustered_10000_0.01;48;20;708;757;0.95;0.3958333333333333;0.8947368421052632;0.3617021276595745;0.9352708058124174;1.0;0.9260634612719967;0.9157725983475151;0.9776725;0.771725
not_clustered_1000_0.01;54;20;655;752;1.0;0.37037037037037035;1.0;0.3584905660377358;0.8710106382978723;1.0;0.846980504041845;0.8896066059566817;0.97696;0.86625
clustered_1000_0.1;23;20;593;704;0.9;0.782608695652174;0.7368421052631579;0.6363636363636364;0.8423295454545454;1.0;0.890269387755102;0.8929811345473602;0.9575075;0.846675
clustered_1000_1.0;8;20;518;733;0.4;1.0;0.2631578947368421;0.7142857142857143;0.7066848567530696;1.0;0.81918280275681;0.7843047918303221;0.945275;0.8743
clustered_10000_0.1;19;20;683;731;0.95;1.0;0.9473684210526315;1.0;0.9343365253077975;1.0;0.9078427612655801;0.9326845412816926;0.9640425;0.900925
not_clustered_10000_1.0;5;20;644;732;0.25;1.0;0.05263157894736842;0.25;0.8797814207650273;1.0;0.8885396871802368;0.8014371415386644;0.882875;0.81755
not_clustered_10000_0.01;42;20;561;684;0.9;0.42857142857142855;0.5789473684210527;0.2682926829268293;0.8201754385964912;1.0;0.8008950010914647;0.8017701048951049;0.96088;0.863675
not_clustered_1000_1.0;5;20;475;694;0.25;1.0;0.05263157894736842;0.25;0.6844380403458213;1.0;0.850813708596592;0.7206824410891811;0.9235375;0.909525
not_clustered_1000_0.1;25;20;607;684;0.9;0.72;0.8421052631578947;0.6666666666666666;0.8874269005847953;1.0;0.8138647445410219;0.8368574791821075;0.9494875;0.85915
clustered_10000_1.0;5;20;644;732;0.25;1.0;0.05263157894736842;0.25;0.8797814207650273;1.0;0.8882911854991961;0.8141042816569316;0.882875;0.81755
clustered_1000_0.01;54;20;655;752;1.0;0.37037037037037035;1.0;0.3584905660377358;0.8710106382978723;1.0;0.8468695514344587;0.8906614656264586;0.97696;0.86625
not_clustered_10000_0.1;15;20;511;662;0.65;0.8666666666666667;0.3684210526315789;0.5;0.7719033232628398;1.0;0.9353715170278638;0.7374148276212753;0.96716;0.877825
clustered_1000_1.0;5;20;475;694;0.25;1.0;0.05263157894736842;0.25;0.6844380403458213;1.0;0.850813708596592;0.7206824410891811;0.9235375;0.909525
clustered_10000_0.01;42;20;561;684;0.9;0.42857142857142855;0.5789473684210527;0.2682926829268293;0.8201754385964912;1.0;0.8004147566033617;0.8468911677753141;0.96088;0.863675
not_clustered_10000_1.0;2;20;513;654;0.05;0.5;0.0;0.0;0.7844036697247706;1.0;0.7442987457240593;0.3510116286885797;0.87705;0.87705
clustered_1000_0.1;25;20;607;684;0.9;0.72;0.8421052631578947;0.6666666666666666;0.8874269005847953;1.0;0.8136315454738181;0.8675769152519385;0.9520025;0.85915
clustered_10000_0.1;19;20;591;662;0.65;0.6842105263157895;0.42105263157894735;0.4444444444444444;0.8927492447129909;1.0;0.9443756449948401;0.7694442108803498;0.969745;0.877825
not_clustered_1000_0.01;59;20;640;661;1.0;0.3389830508474576;1.0;0.3275862068965517;0.9682299546142209;1.0;0.9773820536540241;0.8974348084600356;0.95645;0.868825
clustered_10000_1.0;2;20;372;654;0.05;0.5;0.0;0.0;0.5688073394495413;1.0;0.6991163055872291;0.4546718576195773;0.87705;0.87705
not_clustered_10000_0.01;41;20;593;720;0.9;0.43902439024390244;0.7368421052631579;0.35;0.8222222222222222;0.9983136593591906;0.7868556210766597;0.870457271522064;0.9920225;0.883575
not_clustered_1000_0.1;25;20;613;666;0.95;0.76;0.8421052631578947;0.6666666666666666;0.9204204204204204;1.0;0.928801652892562;0.8657486759749639;0.985715;0.856925
not_clustered_10000_0.1;19;20;647;738;0.7;0.7368421052631579;0.47368421052631576;0.5;0.8766937669376694;1.0;0.8924741602067183;0.8891141358560993;0.974795;0.888
clustered_1000_0.01;59;20;640;661;1.0;0.3389830508474576;1.0;0.3275862068965517;0.9682299546142209;1.0;0.977358926919519;0.8985966404422709;0.95645;0.868825
not_clustered_10000_1.0;2;20;523;767;0.05;0.5;0.0;0.0;0.681877444589309;1.0;0.17917727717923604;0.6030856464693084;0.886775;0.886775
clustered_10000_0.01;42;20;593;720;1.0;0.47619047619047616;0.7368421052631579;0.34146341463414637;0.8222222222222222;0.9983136593591906;0.7858093969944836;0.8988837391474639;0.992325;0.883575
clustered_1000_0.1;25;20;613;666;0.95;0.76;0.8421052631578947;0.6666666666666666;0.9204204204204204;1.0;0.9283471074380165;0.9300188355101111;0.985715;0.856925
clustered_10000_0.1;23;20;692;738;0.75;0.6521739130434783;0.6842105263157895;0.5909090909090909;0.9376693766937669;1.0;0.8948320413436692;0.8877922161157489;0.9774975;0.888
clustered_10000_1.0;2;20;491;767;0.05;0.5;0.0;0.0;0.6401564537157758;1.0;0.17841332027424095;0.6396516609312451;0.886775;0.886775
not_clustered_1000_0.01;46;20;665;713;1.0;0.43478260869565216;1.0;0.4222222222222222;0.9326788218793829;1.0;0.9646301549203579;0.9221927866663885;0.9588175;0.84365
not_clustered_1000_0.1;20;20;660;719;0.8;0.8;0.7368421052631579;0.7368421052631579;0.9179415855354659;1.0;0.9375232774674116;0.8701551224992439;0.973675;0.829875
not_clustered_10000_0.01;26;20;572;661;0.9;0.6923076923076923;0.5789473684210527;0.44;0.8653555219364599;1.0;0.8673414304993252;0.9188484014511142;0.9282325;0.86585
not_clustered_10000_0.1;2;20;473;680;0.05;0.5;0.0;0.0;0.6955882352941176;1.0;0.7271153159585863;0.5283207304893708;0.874775;0.874775
clustered_1000_0.01;48;20;665;713;1.0;0.4166666666666667;1.0;0.40425531914893614;0.9326788218793829;1.0;0.9651538293694086;0.9093768631401492;0.96063;0.84365
clustered_1000_0.1;20;20;660;719;0.8;0.8;0.7368421052631579;0.7368421052631579;0.9179415855354659;1.0;0.9370422098075729;0.8827149665234044;0.973675;0.829875
clustered_10000_0.01;40;20;572;661;0.95;0.475;0.5789473684210527;0.28205128205128205;0.8653555219364599;1.0;0.8660931174089069;0.93000760786871;0.935455;0.86585
clustered_10000_0.1;2;20;404;680;0.05;0.5;0.0;0.0;0.5941176470588235;1.0;0.7105319528739735;0.6044463342039725;0.874775;0.874775
not_clustered_1000_0.01;48;20;589;722;0.85;0.3541666666666667;0.631578947368421;0.2553191489361702;0.8157894736842105;1.0;0.701910315704806;0.8303242227455458;0.8986775;0.859125
not_clustered_1000_0.1;23;20;584;671;0.9;0.782608695652174;0.8421052631578947;0.7272727272727273;0.8703427719821163;1.0;0.7939007913530206;0.8850920984678946;0.95135;0.87605
not_clustered_10000_0.01;41;20;642;692;0.95;0.4634146341463415;0.8947368421052632;0.425;0.9277456647398844;1.0;0.975065491783758;0.9206881043400045;0.9870825;0.890675
not_clustered_10000_0.1;18;20;598;756;0.8;0.8888888888888888;0.7368421052631579;0.8235294117647058;0.791005291005291;1.0;0.832017745143032;0.9130726744674065;0.9653925;0.86665
clustered_1000_0.01;48;20;589;722;0.85;0.3541666666666667;0.631578947368421;0.2553191489361702;0.8157894736842105;1.0;0.7015081439774784;0.8284099544072948;0.8986775;0.859125
clustered_1000_0.1;23;20;584;671;0.9;0.782608695652174;0.8421052631578947;0.7272727272727273;0.8703427719821163;1.0;0.7936498745415943;0.8876009152527738;0.95135;0.87605
clustered_10000_0.01;43;20;642;692;0.95;0.4418604651162791;0.7894736842105263;0.35714285714285715;0.9277456647398844;1.0;0.9758990235770422;0.908421822696136;0.9891675;0.890675
clustered_10000_0.1;18;20;597;756;0.8;0.8888888888888888;0.7368421052631579;0.8235294117647058;0.7896825396825397;1.0;0.8305644791188619;0.9317819080471605;0.9653925;0.86665
not_clustered_1000_0.1;24;20;633;675;1.0;0.8333333333333334;0.8947368421052632;0.7391304347826086;0.9377777777777778;1.0;0.9415629775158263;0.8941520346607517;0.9860475;0.885175
not_clustered_1000_0.01;57;20;641;739;1.0;0.3508771929824561;0.9473684210526315;0.32142857142857145;0.8673883626522327;1.0;0.8002988543914993;0.9222791979182612;0.970835;0.866
not_clustered_10000_0.01;43;20;669;771;1.0;0.46511627906976744;0.9473684210526315;0.42857142857142855;0.867704280155642;1.0;0.9624341159559175;0.94421636528879;0.9545075;0.8126
not_clustered_10000_0.1;20;20;680;734;0.9;0.9;0.7894736842105263;0.7894736842105263;0.9264305177111717;1.0;0.87576;0.882040125694948;0.971395;0.8315
clustered_1000_0.1;24;20;633;675;1.0;0.8333333333333334;0.8947368421052632;0.7391304347826086;0.9377777777777778;1.0;0.9415411482209125;0.8961376244000748;0.9860475;0.885175
clustered_1000_0.01;54;20;641;739;1.0;0.37037037037037035;0.9473684210526315;0.33962264150943394;0.8673883626522327;1.0;0.7993026730865017;0.9282532826870794;0.9701175;0.866
clustered_10000_0.1;23;20;679;734;0.85;0.7391304347826086;0.7368421052631579;0.6363636363636364;0.9250681198910081;1.0;0.876592;0.8736286516137263;0.9715425;0.8315
clustered_10000_0.01;43;20;669;771;1.0;0.46511627906976744;0.9473684210526315;0.42857142857142855;0.867704280155642;1.0;0.962354256508545;0.9070968324701915;0.9545075;0.8126
not_clustered_1000_0.1;20;20;638;726;0.7;0.7;0.631578947368421;0.631578947368421;0.8787878787878788;1.0;0.7902014652014652;0.7408456750375617;0.9537325;0.867725
not_clustered_1000_0.01;63;20;662;716;0.95;0.30158730158730157;0.5789473684210527;0.1774193548387097;0.9231843575418994;0.9984894259818731;0.930319690490735;0.8711436525187812;0.96346;0.869
not_clustered_10000_0.1;17;20;590;715;0.75;0.8823529411764706;0.42105263157894735;0.5;0.8251748251748252;1.0;0.8717721269465799;0.8556144559665686;0.965285;0.882125
not_clustered_10000_0.01;41;20;555;702;1.0;0.4878048780487805;1.0;0.475;0.7905982905982906;1.0;0.7726114649681529;0.8984755806174137;0.96742;0.840325
clustered_1000_0.1;20;20;633;726;0.7;0.7;0.631578947368421;0.631578947368421;0.871900826446281;1.0;0.787797619047619;0.7695627865369563;0.9537325;0.867725
clustered_10000_0.1;17;20;590;715;0.75;0.8823529411764706;0.42105263157894735;0.5;0.8251748251748252;1.0;0.8711019120835798;0.8677322441926679;0.965285;0.882125
clustered_1000_0.01;61;20;661;716;0.95;0.3114754098360656;0.6842105263157895;0.21666666666666667;0.9231843575418994;1.0;0.9289146813276319;0.8567591931788303;0.9497975;0.869
clustered_10000_0.01;41;20;555;702;1.0;0.4878048780487805;1.0;0.475;0.7905982905982906;1.0;0.7724881857407027;0.9119509059596866;0.96742;0.840325
not_clustered_10000_0.01;38;20;555;691;1.0;0.5263157894736842;0.7368421052631579;0.3783783783783784;0.8031837916063675;1.0;0.8448817476078715;0.917499901972317;0.974825;0.863175
not_clustered_1000_0.01;57;20;594;681;1.0;0.3508771929824561;1.0;0.3392857142857143;0.8722466960352423;1.0;0.853967506475159;0.8458022388059702;0.956845;0.880975
clustered_10000_0.01;35;20;545;691;1.0;0.5714285714285714;0.8421052631578947;0.47058823529411764;0.788712011577424;1.0;0.8400613829211049;0.9085601593314329;0.9744825;0.863175
clustered_1000_0.01;57;20;594;681;1.0;0.3508771929824561;1.0;0.3392857142857143;0.8722466960352423;1.0;0.8534259477278079;0.9054911561906666;0.956845;0.880975
not_clustered_10000_0.01;29;20;537;676;0.95;0.6551724137931034;0.8421052631578947;0.5714285714285714;0.7943786982248521;1.0;0.7891250617894217;0.9070712236143073;0.986865;0.912725
not_clustered_1000_0.01;55;20;567;691;1.0;0.36363636363636365;0.7894736842105263;0.2777777777777778;0.8205499276410999;1.0;0.8691845826070115;0.9136365487194104;0.9494275;0.87505
clustered_10000_0.01;29;20;537;676;0.95;0.6551724137931034;0.8421052631578947;0.5714285714285714;0.7943786982248521;1.0;0.7873455264458724;0.9178022991155032;0.986865;0.912725
clustered_1000_0.01;55;20;567;691;1.0;0.36363636363636365;0.7894736842105263;0.2777777777777778;0.8205499276410999;1.0;0.8691264768545419;0.9146555238483489;0.9494275;0.87505
not_clustered_1000_0.01;56;20;647;690;1.0;0.35714285714285715;0.8947368421052632;0.3090909090909091;0.9376811594202898;1.0;0.943859184753838;0.8925013765830705;0.9744575;0.922325
clustered_1000_0.01;61;20;647;690;1.0;0.32786885245901637;0.9473684210526315;0.3;0.9376811594202898;1.0;0.9425886712546321;0.8976582390159058;0.97507;0.922325