scenario;inferred_tree_size;real_tree_size;inferred_snvs;real_snvs;cn_node_recall;cn_node_precision;cn_edge_recall;cn_edge_precision;snv_recall;snv_precision;cell_snv_recall;cell_snv_precision;cn_prob;non_trivial_cns;genotype_recall;genotype_precision
tree_unknown_brkp_known_0.1;17;20;625;625;0.8;0.9411764705882353;0.6842105263157895;0.8125;1.0;1.0;0.9925995694294941;0.9167391574499814;0.9985535;0.973715;0.985064585575888;0.9097800422517709
tree_unknown_brkp_known_0.1;21;20;737;739;0.9;0.8571428571428571;0.8947368421052632;0.85;0.9972936400541272;1.0;0.9996122528111672;0.9436310395314788;0.99952;0.959505;0.9910818146568438;0.9355783308931186
tree_unknown_brkp_known_0.1;18;20;585;628;0.8;0.8888888888888888;0.7894736842105263;0.8823529411764706;0.9315286624203821;1.0;0.9861174994773155;0.9182874832077565;0.998587;0.97393;0.9639138615931424;0.897611120845745
tree_unknown_brkp_known_0.1;19;20;648;648;0.95;1.0;0.9473684210526315;1.0;1.0;1.0;1.0;0.989315016218279;0.9998;0.962975;0.9922854387656702;0.9816828849456211
tree_unknown_brkp_known_0.05;32;20;625;625;0.95;0.59375;0.8947368421052632;0.5483870967741935;1.0;1.0;0.9939451022604952;0.9896307807727346;0.999562;0.973715;0.9917115177610334;0.9874068913777396
tree_unknown_brkp_known_0.05;24;20;737;739;0.9;0.75;0.8947368421052632;0.7391304347826086;0.9972936400541272;1.0;0.9996122528111672;0.9436310395314788;0.99952;0.959505;0.9910818146568438;0.9355783308931186
tree_unknown_brkp_known_0.05;32;20;587;628;0.9;0.5625;0.8947368421052632;0.5483870967741935;0.9347133757961783;1.0;0.9863892954212837;0.949963756443299;0.998934;0.97393;0.9663809324691616;0.9306942654639175
tree_unknown_brkp_known_0.05;27;20;648;648;1.0;0.7407407407407407;1.0;0.7307692307692307;1.0;1.0;1.0;0.9983056721475606;0.999908;0.962975;0.9994406943105111;0.9977473141052794
tree_unknown_brkp_unknown_0.1;18;20;612;625;0.4;0.4444444444444444;0.0;0.0;0.9792;1.0;0.9482238966630786;0.6201119284784062;0.985868;0.973715;0.7677072120559741;0.5020590616310584
tree_unknown_brkp_unknown_0.1;34;20;587;628;0.7;0.4117647058823529;0.3684210526315789;0.21212121212121213;0.9347133757961783;1.0;0.969956094501359;0.8163326353574634;0.9941215;0.97393;0.8363161195902153;0.7038588094525875
tree_unknown_brkp_unknown_0.1;37;20;714;739;0.8;0.43243243243243246;0.2631578947368421;0.1388888888888889;0.9661705006765899;1.0;0.9678557580457542;0.7387971349079501;0.9877015;0.959505;0.9374563784412563;0.7155922571479311
tree_unknown_brkp_unknown_0.1;38;20;648;648;0.8;0.42105263157894735;0.3684210526315789;0.1891891891891892;1.0;1.0;0.9900867888138862;0.8245025135313108;0.992574;0.962975;0.9032015429122469;0.7521481457687551
tree_unknown_brkp_unknown_0.05;42;20;624;625;0.8;0.38095238095238093;0.0;0.0;0.9984;1.0;0.9680301399354144;0.5557409467309357;0.9906585;0.973715;0.8606297093649085;0.4940829316524533
tree_unknown_brkp_unknown_0.05;42;20;627;628;0.75;0.35714285714285715;0.10526315789473684;0.04878048780487805;0.9984076433121019;1.0;0.9786744720886473;0.7043758276152642;0.990257;0.97393;0.8321973656700815;0.5989526905019863
tree_unknown_brkp_unknown_0.05;41;20;712;739;0.8;0.3902439024390244;0.2631578947368421;0.125;0.9621109607577808;0.9985955056179775;0.9740984877859635;0.7006847309188782;0.986518;0.959505;0.9445327646374564;0.6794176300779561
tree_unknown_brkp_unknown_0.05;50;20;650;648;0.9;0.36;0.42105263157894735;0.16326530612244897;1.0;0.9969230769230769;0.9877531340405015;0.8357811939031953;0.995464;0.962975;0.9322854387656702;0.788847547243709
tree_unknown_brkp_known_0.1;24;20;629;629;1.0;0.8333333333333334;0.9473684210526315;0.782608695652174;1.0;1.0;0.996345351974491;1.0;0.999969;0.96528;0.9828550404709345;0.9864602053125231
tree_unknown_brkp_known_0.1;25;20;673;673;1.0;0.8;1.0;0.7916666666666666;1.0;1.0;0.9954303122619954;0.9991018021289201;0.9999975;0.96666;0.9933358720487433;0.9969996368987329
tree_unknown_brkp_known_0.1;18;20;627;654;0.85;0.9444444444444444;0.7894736842105263;0.8823529411764706;0.9587155963302753;1.0;0.9944846604619096;0.9766418415707515;0.999034;0.955185;0.9903309203722854;0.9725626269465132
tree_unknown_brkp_known_0.1;20;20;567;588;0.95;0.95;0.9473684210526315;0.9473684210526315;0.9642857142857143;1.0;0.9920853712761227;0.9264049492412132;0.999609;0.967095;0.983348154735438;0.9182461749257821
tree_unknown_brkp_known_0.05;29;20;630;629;0.95;0.6551724137931034;0.7894736842105263;0.5357142857142857;1.0;0.9984126984126984;0.9944076526857983;0.9767979761474521;0.999798;0.96528;0.9798135884228599;0.9624623539332611
tree_unknown_brkp_known_0.05;34;20;673;673;1.0;0.5882352941176471;1.0;0.5757575757575758;1.0;1.0;0.9954303122619954;0.9910148993441256;0.999893;0.96666;0.9928217821782178;0.9884179398718581
tree_unknown_brkp_known_0.05;11;20;608;654;0.5;0.9090909090909091;0.2631578947368421;0.5;0.9296636085626911;1.0;0.9819200275766977;0.920802960999499;0.981039;0.955185;0.8543605653223026;0.8011831067867013
tree_unknown_brkp_known_0.05;25;20;588;588;1.0;0.8;1.0;0.7916666666666666;1.0;1.0;0.9969542018674966;0.9566914855033815;0.9997575;0.967095;0.9910849266340596;0.9510592451944616
tree_unknown_brkp_unknown_0.1;23;20;618;629;0.4;0.34782608695652173;0.2631578947368421;0.22727272727272727;0.9825119236883942;1.0;0.9551631101299976;0.6608067061478679;0.9895905;0.96528;0.8346333088054942;0.5774210517384738
tree_unknown_brkp_unknown_0.1;43;20;672;673;0.85;0.3953488372093023;0.3157894736842105;0.14285714285714285;0.9970282317979198;0.9985119047619048;0.9946686976389947;0.7924156238149412;0.992224;0.96666;0.9453541507996953;0.7531285551763367
tree_unknown_brkp_unknown_0.1;38;20;615;654;0.8;0.42105263157894735;0.3157894736842105;0.16216216216216217;0.9373088685015291;0.9967479674796748;0.9860910031023785;0.8078764173456275;0.9931885;0.955185;0.9515684246811444;0.7795930470636411
tree_unknown_brkp_unknown_0.1;37;20;563;588;0.7;0.3783783783783784;0.10526315789473684;0.05555555555555555;0.9574829931972789;1.0;0.9759226322810138;0.7440421709210482;0.9913495;0.967095;0.8847265451311694;0.6745143903183158
tree_unknown_brkp_unknown_0.05;44;20;628;629;0.55;0.25;0.3157894736842105;0.13953488372093023;0.9984101748807631;1.0;0.9614912926171204;0.6902623701355872;0.9905615;0.96528;0.8390237920039244;0.60234196161296
tree_unknown_brkp_known_0.1;17;20;670;672;0.8;0.9411764705882353;0.7368421052631579;0.875;0.9970238095238095;1.0;0.9967826086956522;0.9749272823147187;0.999273;0.959265;0.9958782608695652;0.9740427631019408
tree_unknown_brkp_known_0.1;24;20;685;685;0.85;0.7083333333333334;0.8421052631578947;0.6956521739130435;1.0;1.0;0.9998747913188648;0.9526403690154287;0.999439;0.966155;0.9958263772954925;0.9487832034356609
tree_unknown_brkp_known_0.1;22;20;660;660;1.0;0.9090909090909091;1.0;0.9047619047619048;1.0;1.0;0.9998104624715694;1.0;1.0;0.9549;0.9998104624715694;1.0
tree_unknown_brkp_known_0.1;22;20;602;602;1.0;0.9090909090909091;1.0;0.9047619047619048;1.0;1.0;0.998812821527503;1.0;0.9999995;0.950575;0.9962406015037594;0.9974247226624405
tree_unknown_brkp_known_0.1;24;20;624;624;1.0;0.8333333333333334;0.7894736842105263;0.6521739130434783;1.0;1.0;0.9978538663171691;0.9845469974945446;0.999322;0.961085;0.9857142857142858;0.9725693041299603
tree_unknown_brkp_known_0.1;21;20;672;687;0.95;0.9047619047619048;0.8421052631578947;0.8;0.9781659388646288;1.0;0.9970843329027496;0.9455741836127541;0.999835;0.95937;0.9926185643107585;0.9413391200868013
tree_unknown_brkp_known_0.1;18;20;676;676;0.9;1.0;0.8947368421052632;1.0;1.0;1.0;0.9993476842791911;0.9807938540332907;0.999865;0.97203;0.9930419656447054;0.9746052069995732
tree_unknown_brkp_known_0.1;21;20;677;677;1.0;0.9523809523809523;1.0;0.95;1.0;1.0;0.99794887039239;0.9970300852365537;0.9999565;0.976735;0.9978894173602854;0.9969706869412848
tree_unknown_brkp_known_0.1;21;20;653;653;1.0;0.9523809523809523;1.0;0.95;1.0;1.0;1.0;1.0;1.0;0.962975;0.9971155979587308;0.9971155979587308
tree_unknown_brkp_known_0.1;20;20;666;668;0.8;0.8;0.7894736842105263;0.7894736842105263;0.9970059880239521;1.0;0.9913521545319465;0.9374718974820144;0.9994335;0.97041;0.9803268945022289;0.9270458633093526
tree_unknown_brkp_known_0.1;22;20;596;596;1.0;0.9090909090909091;1.0;0.9047619047619048;1.0;1.0;0.9992769632456316;0.9318275461662359;0.999715;0.958605;0.983189395460936;0.9168258605835862
tree_unknown_brkp_known_0.1;19;20;561;579;0.9;0.9473684210526315;0.8421052631578947;0.8888888888888888;0.9689119170984456;1.0;0.994168234345606;0.9429052073509545;0.999037;0.9536;0.9839559258263908;0.9332194835979915
tree_unknown_brkp_known_0.1;18;20;635;635;0.85;0.9444444444444444;0.7894736842105263;0.8823529411764706;1.0;1.0;0.9993650793650793;0.9530729639721466;0.999014;0.97093;0.9841587301587301;0.938570996064184
tree_unknown_brkp_known_0.1;22;20;684;684;1.0;0.9090909090909091;0.9473684210526315;0.8571428571428571;1.0;1.0;0.9995820999477625;0.9751316459996603;0.9994815;0.96149;0.994462824307853;0.9701375913028707
tree_unknown_brkp_known_0.1;22;20;596;609;0.95;0.8636363636363636;0.9473684210526315;0.8571428571428571;0.9786535303776683;1.0;0.9946386446493674;0.9942122186495177;0.999695;0.96246;0.9937808277932662;0.9933547695605573
tree_known_brkp_known;20;20;583;583;1.0;1.0;1.0;1.0;1.0;1.0;0.9995524725889461;1.0;1.0;0.97096;0.9995524725889461;1.0
tree_known_brkp_known;20;20;684;684;1.0;1.0;1.0;1.0;1.0;1.0;1.0;1.0;1.0;0.966755;0.9861271676300578;0.9861271676300578
tree_known_brkp_known;20;20;588;588;1.0;1.0;1.0;1.0;1.0;1.0;0.9997519841269841;1.0;1.0;0.9722;0.9990079365079365;0.9992557677995535
tree_known_brkp_known;20;20;701;701;1.0;1.0;1.0;1.0;1.0;1.0;0.999819949585884;1.0;1.0;0.966845;0.9956787900612172;0.9958580947235729
tree_known_brkp_known;20;20;597;597;1.0;1.0;1.0;1.0;1.0;1.0;0.9971014492753624;1.0;1.0;0.97898;0.9965217391304347;0.9994186046511628
tree_known_brkp_known;20;20;682;682;1.0;1.0;1.0;1.0;1.0;1.0;1.0;1.0;1.0;0.97314;0.9940652818991098;0.9940652818991098
tree_known_brkp_known;20;20;558;558;1.0;1.0;1.0;1.0;1.0;1.0;0.9985371562317145;1.0;1.0;0.965755;0.9932709186658865;0.9947260474655728
tree_known_brkp_known;20;20;702;702;1.0;1.0;1.0;1.0;1.0;1.0;0.9994122257053292;1.0;1.0;0.95852;0.9994122257053292;1.0
tree_known_brkp_known;20;20;631;631;1.0;1.0;1.0;1.0;1.0;1.0;1.0;1.0;1.0;0.94962;0.9886994448850119;0.9886994448850119
tree_known_brkp_known;20;20;705;705;1.0;1.0;1.0;1.0;1.0;1.0;0.9998054474708171;1.0;1.0;0.96506;0.9922178988326849;0.99241097489784
tree_known_brkp_known;20;20;547;547;1.0;1.0;1.0;1.0;1.0;1.0;0.9983839689722043;1.0;1.0;0.965945;0.995475113122172;0.9970864357397216
tree_known_brkp_known;20;20;701;701;1.0;1.0;1.0;1.0;1.0;1.0;1.0;1.0;1.0;0.957975;0.9966793168880456;0.9966793168880456
tree_known_brkp_known;20;20;605;605;1.0;1.0;1.0;1.0;1.0;1.0;0.9995343422584401;1.0;1.0;0.972955;0.9965075669383003;0.9969718145818774
tree_known_brkp_known;20;20;690;690;1.0;1.0;1.0;1.0;1.0;1.0;0.9938112429087158;1.0;1.0;0.976695;0.9938112429087158;1.0
tree_known_brkp_known;20;20;716;716;1.0;1.0;1.0;1.0;1.0;1.0;0.999822757887274;1.0;1.0;0.96983;0.9952144629563985;0.9953908881404007
tree_known_brkp_known;20;20;723;723;1.0;1.0;1.0;1.0;1.0;1.0;0.9980530542711122;1.0;0.999975;0.96598;0.9953760038938915;0.997317727383565
tree_known_brkp_known;20;20;614;614;1.0;1.0;1.0;1.0;1.0;1.0;1.0;1.0;1.0;0.95411;0.9987557030277893;0.9987557030277893
tree_known_brkp_known;20;20;713;713;1.0;1.0;1.0;1.0;1.0;1.0;0.9974784618617356;1.0;1.0;0.96797;0.9970582055053583;0.9995786812723826
tree_known_brkp_known;20;20;657;657;1.0;1.0;1.0;1.0;1.0;1.0;0.9979166666666667;1.0;1.0;0.966685;0.9979166666666667;1.0
tree_known_brkp_known;20;20;649;649;1.0;1.0;1.0;1.0;1.0;1.0;0.9995990376904571;1.0;1.0;0.972305;0.9967923015236567;0.9971921379863619
tree_known_brkp_known;20;20;610;610;1.0;1.0;1.0;1.0;1.0;1.0;0.9991941982272361;1.0;1.0;0.967675;0.9975825946817083;0.9983870967741936
tree_known_brkp_known;20;20;608;608;1.0;1.0;1.0;1.0;1.0;1.0;0.9989415749364945;1.0;1.0;0.964715;0.9923793395427604;0.9934308116126298
tree_known_brkp_known;20;20;625;625;1.0;1.0;1.0;1.0;1.0;1.0;0.9973852411388727;1.0;1.0;0.978585;0.9924462521789658;0.9950480629187299
tree_known_brkp_known;20;20;561;561;1.0;1.0;1.0;1.0;1.0;1.0;0.9986471861471862;1.0;1.0;0.9629;0.9935064935064936;0.9948523435383365
tree_known_brkp_known;20;20;666;666;1.0;1.0;1.0;1.0;1.0;1.0;0.9996096799375488;1.0;1.0;0.959895;0.9996096799375488;1.0
tree_known_brkp_known;20;20;565;565;1.0;1.0;1.0;1.0;1.0;1.0;0.9957168052406148;1.0;1.0;0.967645;0.9952128999748048;0.9994939271255061
tree_known_brkp_known;20;20;620;620;1.0;1.0;1.0;1.0;1.0;1.0;1.0;1.0;1.0;0.96144;0.9977661950856291;0.9977661950856291
tree_known_attachment_unknown_brkp_known;20;20;679;679;1.0;1.0;1.0;1.0;1.0;1.0;0.9986496262358331;0.9135105327010037;0.999871;0.97291;0.9897516276826621;0.9053711260615419
tree_known_attachment_unknown_brkp_known;20;20;773;773;1.0;1.0;1.0;1.0;1.0;1.0;0.9985232452142206;0.997632015155103;0.999949;0.968145;0.998468550592525;0.99757736935099
tree_known_attachment_unknown_brkp_known;20;20;704;704;1.0;1.0;1.0;1.0;1.0;1.0;0.9966106365389915;0.9508373425874806;0.999925;0.976055;0.9912372554422706;0.9457107553171912
tree_known_attachment_unknown_brkp_known;20;20;615;615;1.0;1.0;1.0;1.0;1.0;1.0;0.9991331984975441;0.996829057365235;0.999999;0.977535;0.9985264374458249;0.9962236955895071
