6
6
13
13
14
14
14
14
14
15
22
22
27
35
64
70
185
312
329
329
358
397
481
482
482
487
487
487
2641
2641
2642
2642
2642
2656
2656
2667
2667
2667
2678
2678
2704
2742
2743
2761
2863
2863
2864
2864
2865
2865
2866
2866
2866
2866
2878
2878
2961
3006
3006
3006
3006
3007
3007
3027
3416
3416
3422
3463
3503
3505
3505
3517
3517
3518
3540
3540
3550
3550
3550
3550
3550
3551
3551
3551
3551
3552
3552
3552
3552
3553
3553
3553
3576
3576
3640
3670
3709
3736
3752
3756
3768
3769
3769
3777
3777
3777
3777
3783
3799
3876
3904
3904
3905
3969
3970
3992
3992
4012
4046
4101
4202
4202
4203
4228
4256
4256
4293
4443
4444
4465
4465
4480
4497
4543
4626
4654
4729
4729
4760
4777
4777
4777
4778
4799
4799
4811
4820
4846
4856
4856
4857
4877
4893
4943
4943
4943
4943
5038
5060
5060
5070
5084
5120
5120
5142
5142
5142
5142
5162
5163
5163
5171
5172
5172
5172
5179
5179
5180
5180
5181
5181
5181
5181
5181
5182
5182
5182
5182
5182
5182
5182
5182
5183
5183
5191
5191
5191
5210
5269
5283
5283
5283
5290
5290
5291
5343
5343
5347
5380
5381
5381
5381
5381
5381
5381
5381
5395
5431
5432
5432
5432
5432
5433
5433
5433
5433
5433
5442
5442
5443
5443
5462
5483
5517
5517
5517
5517
5518
5518
5518
5519
5519
5519
5519
5519
5519
5519
5519
5520
5520
5529
5529
5529
5541
5541
5574
5575
5682
5691
5731
5731
5731
5760
5762
5762
551
609
645
681
681
681
681
681
681
681
683
692
692
692
692
714
733
734
750
766
767
767
797
797
965
966
966
966
1009
1009
1018
1038
1053
1076
1144
1184
1194
1392
1392
1392
1403
1414
1418
1504
1504
1504
1505
1505
1506
1597
1598
1598
1598
1598
1599
1618
1687
1688
1690
1690
1716
1744
1752
1765
1766
1766
1767
1874
1884
1902
1902
1902
1902
1945
1946
1946
1946
1951
1956
1984
1984
1996
1997
1997
1997
1997
2024
2024
2024
2025
2090
2123
2123
2123
2123
2123
2123
2126
2199
2221
2221
2222
2243
2258
2373
2373
2412
2412
2412
2413
2418
2427
2428
2428
2428
2428
2429
2429
2430
2449
2449
2449
2449
2449
2502
2516
2546
2561
2585
2585
2585
3091
3170
3170
3170
3170
3170
3172
3173
3173
3173
3174
3174
3174
3205
3205
3285
3292
3293
3293
3355
3358
3359
3371
3392
3394
3395
